cam0:
  T_cam_imu:
    [-0.010545045793322494, 0.9999194470813202, -0.0070640893117508985, 0.020370564872580783,
      0.025648166843905695, 0.007332627234430206, 0.9996441387390759, 0.01912135892037006,
      0.9996154128197328, 0.01036011227876188, -0.025723423699180015, -0.0655457493257355,
      0.0, 0.0, 0.0, 1.0]
  camera_model: pinhole
  distortion_coeffs: [-0.31238537765860314, 0.09494013296170035, 0.00036797867292882066, 0.0002401925876236341]
  distortion_model: radtan
  intrinsics: [478.73195202935466, 480.9675001340145, 367.72662198282643, 236.8579287742726]
  resolution: [752, 480]
  rostopic: /gvio/cam0/image
cam1:
  T_cam_imu:
    [-0.024993492314101473, 0.9996854504543944, -0.002079781656746771, -0.06959648594006175,
      0.015126351471000277, 0.0024583710526727975, 0.999882568056341, 0.020794580854605112,
      0.9995731683239206, 0.024959097771397376, -0.01518303676202859, -0.06452050213210658,
      0.0, 0.0, 0.0, 1.0]
  T_cn_cnm1:
    [0.9998831721579543, 0.004610241955957468, -0.014573527522456926, -0.09100805783643556,
     -0.004764594807250927, 0.9999327380896936, -0.010574399877268558, 0.0010784585973507648,
     0.014523796737182655, 0.01064260144650683, 0.9998378840405985, 0.0005152622358564396,
     0.0, 0.0, 0.0, 1.0]
  camera_model: pinhole
  distortion_coeffs: [-0.31051891645864416, 0.09434661319706616, 0.00017259740926736783, 0.00044301232167446057]
  distortion_model: radtan
  intrinsics: [481.79264032180566, 484.5472673201991, 368.07185934638176, 233.1889795048782]
  resolution: [752, 480]
  rostopic: /gvio/cam1/image

T_imu_body:
  [1.0000, 0.0000, 0.0000, 0.0000,
  0.0000, 1.0000, 0.0000, 0.0000,
  0.0000, 0.0000, 1.0000, 0.0000,
  0.0000, 0.0000, 0.0000, 1.0000]
