# The modifications of the output file from Kalibr:
# 1. For each matrix (e.g. cam0/T_cam_imu), remove the brackets and minus sign for each line. Use one pair of brackets for each matrix.
# 2. Add the T_imu_body at the end of the calibration file (usually set to identity).
cam0:
  T_cam_imu:
  - [0.018191385661146975, -0.9995787835980123, -0.022612582082687405, -0.16133577306532335]
  - [0.025086311006550288, 0.023065518140352625, -0.9994191607493828, -0.008126564119620525]
  - [0.9995197599286423, 0.017613553123544456, 0.025495337976854215, 0.0870729408822501]
  - [0.0, 0.0, 0.0, 1.0]
  camera_model: pinhole
  distortion_coeffs: [-0.0678890809361792, 0.007709008000713503, -0.010307689056822753,
    0.003975705353253985]
  distortion_model: equidistant
  intrinsics: [393.37990041643656, 395.3197707435412, 370.05019923180885, 239.38250128073372]
  resolution: [752, 480]
  timeshift_cam_imu: 0.0
cam1:
  T_cam_imu:
    [0.012555267089103,   0.999598781151433,  -0.025389800891747,  -0.044901980682509,
    -0.999755099723116,   0.013011905181504,   0.017900583825251,  -0.020569771258915,
     0.018223771455443,   0.025158836311552,   0.999517347077547,  -0.008638135126028,
                     0,                   0,                   0,   1.000000000000000]
  T_cn_cnm1:
    [0.9997999638114503, 0.00010281287341368757, -0.02000054479569596, -0.08720159399936726,
     -0.0002122414377615125, 0.9999850211073896, -0.005469233439385734, 0.0007968664529640217,
     0.019999682902078156, 0.0054723843391577135, 0.9997850097363181, -0.0007160979652175064,
     0.0, 0.0, 0.0, 1.0]
  camera_model: pinhole
  distortion_coeffs: [-0.0658404259251678, 0.003081171049227224, -0.004493863430556307,
    0.001097707477325051]
  distortion_model: equidistant
  intrinsics: [390.04316114278265, 391.78659099713224, 372.81266393927774, 227.2992327622048]
  resolution: [752, 480]
  timeshift_cam_imu: 0.0
T_imu_body:
  [1.0000, 0.0000, 0.0000, 0.0000,
  0.0000, 1.0000, 0.0000, 0.0000,
  0.0000, 0.0000, 1.0000, 0.0000,
  0.0000, 0.0000, 0.0000, 1.0000]
